
10001101010100101000001000001100001111010001000000110001011001101110
0001011100110100011011101011100111001011100101011100110110011010001000000
101101010000011100001101111111001011101000100000011000101100100110010011
00010100000010110101000001110101111001111001011110010010000011010011110
011010000011100111100001110110011101000100000010110101000001110000110
00011110011111001101000001101001111001101000001110100110110011000011110011
10110001011000101100010110001011001010000001011010100000111011111010001
100101111001011001010100000101100010110001011000101100001000001101001
1110011010000011000010100000101010011010011101101110010110011001101111110
0011110101101000001100011110111111001001100101010000011000011101110110010
00100000101100101000001101001111001101000001110100110100011001010100
00011011001100001111001111101000100000110001111010001100001111001011000
01110001111101001100101111001001000001101111110011001000001110100110100011
001010100000110011011010011101110110000111011000100000101010011010011101
101110010110011001101111110001111010110100000110100011000011110011110100001
00000010110101000001010100110100111011011100101100110011011111100011110101
10100000110010111100001101111110001111010000100000110100111100110100000
01100100110000011001001100110101101011000101100010101101011000001100110
10000001100000110000011101001100000110000011101001100000110000010
00000101101010000011100111111001110111011000110100000111100111011111110101111
001001000001110100110100111011011100101010000011101011110011110100111011101
100111010000011101001100101110110011011101100101111010001000001101111111001
00100000110111011001011110100110001111000011110100010000011011111101110010
000011100001101111111001011101000100000011010101101000110011011001001100
01
